Onegram			Count	Probability
<s> : 3 : 0.125
I : 3 : 0.125
am : 2 : 0.09375
Sam : 2 : 0.09375
</s> : 3 : 0.125
do : 1 : 0.0625
not : 1 : 0.0625
like : 1 : 0.0625
green : 1 : 0.0625
eggs : 1 : 0.0625
and : 1 : 0.0625
ham : 1 : 0.0625
