Unigram			Sum			1-Sum
I : 0.6666666666666666 : 0.33333333333333337
not : 0.5 : 0.5
Sam : 0.5 : 0.5
like : 0.5 : 0.5
</s> : 0 : 1
am : 0.5 : 0.5
ham : 0.5 : 0.5
do : 0.5 : 0.5
and : 0.5 : 0.5
green : 0.5 : 0.5
eggs : 0.5 : 0.5
<s> : 0.6666666666666666 : 0.33333333333333337
