Word Unit			Count	Probability
<s> : 3 : 0
I : 3 : 0
am : 2 : 0.375
Sam : 2 : 0.375
</s> : 3 : 0
do : 1 : 0.047619047619047616
not : 1 : 0.047619047619047616
like : 1 : 0.047619047619047616
green : 1 : 0.047619047619047616
eggs : 1 : 0.047619047619047616
and : 1 : 0.047619047619047616
ham : 1 : 0.047619047619047616
